88
44 1 12
45 11 24 2 3 19 8 11 23 22 9 13 10
46 1 39
46 11 24 2 3 19 8 11 23 22 9 13 10
47 10 2 3 19 8 11 23 22 9 13 10
47 1 24
48 4 8 11 9 10
48 1 3
48 1 13
48 1 19
48 2 23 22
48 1 2
49 1 24
50 4 8 11 9 10
51 1 18
51 1 39
52 1 8
52 1 9
52 1 10
52 1 11
53 4 8 11 9 10
54 1 3
55 1 18
55 1 39
56 1 3
57 1 13
58 1 3
59 1 13
60 6 3 4 15 5 13 6
60 1 29
60 1 2
61 1 29
61 1 2
62 1 29
63 1 19
64 1 20
64 1 21
65 10 2 3 19 8 11 23 22 9 13 10
65 1 39
66 1 22
66 1 23
67 1 2
68 6 18 3 4 5 13 6
68 1 39
69 5 3 4 5 13 6
69 1 18
70 6 3 4 15 5 13 6
71 2 26 25
71 1 39
72 6 3 4 15 5 13 6
73 2 28 27
73 1 39
74 1 15
74 5 3 4 5 13 6
75 1 25
75 1 26
76 1 27
76 1 28
77 1 15
77 3 3 4 5
77 1 32
78 1 3
78 1 4
78 1 5
79 1 3
79 1 4
79 1 5
79 1 3
79 1 6
79 1 13
80 1 13
81 1 4
82 1 17
82 1 39
83 1 4
84 2 18 39
84 1 39
85 1 18
85 1 39
86 1 3
87 1 30
87 1 31
88 1 33
88 1 34
88 1 35
88 1 36
88 1 37
88 1 38
