45
70 2 16 17
72 4 16 26 25 17
56 14 20 7 21 24 2 3 19 8 11 23 22 9 13 10
57 14 20 7 21 24 2 3 19 8 11 23 22 9 13 10
77 1 16
78 7 16 35 37 36 34 33 38
53 14 20 7 21 24 2 3 19 8 11 23 22 9 13 10
74 6 16 28 26 27 25 17
67 1 17
49 12 7 24 2 3 19 8 11 23 22 9 13 10
63 14 20 7 21 24 2 3 19 8 11 23 22 9 13 10
68 1 16
66 14 20 7 21 24 2 3 19 8 11 23 22 9 13 10
59 1 0
58 1 0
69 1 16
87 1 15
44 0
80 7 16 18 28 26 27 25 17
86 7 16 18 28 26 27 25 17
55 2 17 14
76 6 3 4 15 5 13 6
75 6 3 4 15 5 13 6
46 1 7
64 14 20 7 21 24 2 3 19 8 11 23 22 9 13 10
71 2 16 17
73 4 16 26 25 17
82 1 14
84 2 17 14
65 2 20 21
50 1 14
88 3 3 4 5
85 2 17 14
51 1 14
60 1 17
61 1 17
83 2 17 14
81 1 14
62 1 17
48 14 20 7 21 24 2 3 19 8 11 23 22 9 13 10
47 12 7 24 2 3 19 8 11 23 22 9 13 10
45 1 7
52 1 3
79 7 16 18 28 26 27 25 17
54 2 17 14
