44
70 6 3 4 15 5 13 6
72 6 3 4 15 5 13 6
56 1 3
57 1 13
77 5 3 32 4 15 5
78 3 3 4 5
53 4 8 11 9 10
74 6 3 4 15 5 13 6
67 1 2
49 1 24
63 1 19
68 6 3 4 5 13 6 39
66 2 23 22
59 1 13
58 1 3
69 2 18 39
86 2 30 31
44 1 12
80 1 13
85 2 13 39
55 2 18 39
76 2 28 27
75 2 26 25
46 12 24 2 3 19 8 11 23 22 9 13 10 39
64 2 20 21
71 3 26 25 39
73 3 28 27 39
82 2 17 39
65 11 2 3 19 8 11 23 22 9 13 10 39
50 4 8 11 9 10
87 6 35 37 36 34 33 38
84 2 18 39
51 2 18 39
60 8 2 3 4 15 5 29 13 6
61 2 2 29
83 1 4
81 1 4
62 1 29
48 10 2 3 19 8 11 23 22 9 13 10
47 11 24 2 3 19 8 11 23 22 9 13 10
45 11 24 2 3 19 8 11 23 22 9 13 10
52 4 8 11 9 10
79 5 3 4 5 13 6
54 1 3
