88
6 44 12 13 14 45 7 
3 45 47 46 
2 46 39 
3 46 47 46 
2 47 48 
2 47 49 
2 48 53 
2 48 56 
2 48 57 
2 48 63 
2 48 66 
3 48 67 17 
13 49 24 13 50 14 0 2 13 50 14 45 7 17 
4 50 52 3 51 
5 51 18 52 3 51 
2 51 39 
2 52 8 
2 52 9 
2 52 10 
2 52 11 
4 53 52 54 17 
3 54 3 55 
4 55 18 3 55 
2 55 39 
5 56 58 0 60 17 
5 57 59 0 61 17 
2 58 3 
4 59 13 54 14 
2 60 70 
2 60 62 
2 60 67 
2 61 62 
2 61 67 
3 62 29 3 
8 63 19 15 77 16 48 65 64 
6 64 20 48 65 21 17 
3 64 21 17 
3 65 48 65 
2 65 39 
6 66 22 15 3 16 17 
6 66 23 15 3 16 17 
5 67 2 15 68 16 
2 68 69 
2 68 39 
2 69 79 
3 69 18 69 
3 70 72 71 
4 71 75 72 71 
2 71 39 
3 72 74 73 
4 73 76 74 73 
2 73 39 
4 74 15 70 16 
2 74 79 
2 75 25 
2 75 26 
2 76 27 
2 76 28 
8 77 15 77 16 87 15 77 16 
4 77 78 88 78 
5 77 32 15 77 16 
2 78 3 
2 78 4 
2 78 5 
2 79 3 
2 79 4 
2 79 5 
2 79 86 
2 79 6 
2 79 80 
4 80 13 81 14 
3 81 83 82 
4 82 17 83 82 
2 82 39 
3 83 4 84 
2 84 85 
2 84 39 
4 85 18 4 85 
2 85 39 
7 86 3 13 4 18 4 14 
2 87 30 
2 87 31 
2 88 33 
2 88 34 
2 88 35 
2 88 36 
2 88 37 
2 88 38 
